<?xml version="1.0" encoding="UTF-8"?>
<BoardEnumeration>3 49 0 10 7,
2 10 0 10 17,
0 16 0 10 18,
10 6 0 10 9,
37 45 0 10 1,
18 46 0 10 19,
38 5 0 10 11,
16 24 0 10 6,
20 18 0 10 17,
5 16 0 10 20,
32 15 0 10 11,
5 33 0 10 7,
29 20 0 10 9,
28 2 0 10 20,
39 5 0 10 20,
34 10 0 10 20,
36 49 0 10 20,
39 39 0 10 5,
2 7 0 10 20,
23 1 0 10 20,
15 8 1 10 6,
5 35 0 10 4,
47 20 1 10 6,
1 32 0 10 20,
19 40 0 10 5,
17 28 0 10 10,
3 43 0 10 5,
26 21 0 10 7,
28 29 1 10 6,
44 27 0 10 6,
18 9 0 10 8,
46 3 0 10 20,
2 8 0 10 20,
25 20 1 10 6,
15 31 0 10 13,
43 23 0 10 7,
26 35 1 10 6,
22 27 0 10 2,
7 10 0 10 19,
14 6 0 10 20,
27 21 0 10 11,
49 14 0 10 7,
11 48 0 10 20,
22 9 2 9 11,
0 0 0 10 8,
19 11 0 10 12,
4 44 0 10 8,
40 45 0 10 20,
45 15 1 10 6,
19 6 2 9 11,
30 47 0 10 20,
10 39 0 10 6,
35 30 0 10 6,
5 47 0 10 8,
28 17 0 10 14,
45 27 1 10 7,
45 37 0 10 8,
37 37 0 10 5,
43 15 0 10 1,
31 0 0 10 6,
22 43 0 10 20,
47 44 0 10 20,
20 4 0 10 3,
25 43 0 10 12,
13 23 0 10 7,
33 34 0 10 3,
45 39 0 10 19,
16 11 1 10 6,
22 34 0 10 9,
13 6 0 10 8,
16 20 0 10 20,
42 2 0 10 18,
44 12 0 10 6,
14 36 0 10 15,
22 40 0 10 3,
29 30 0 10 15,
12 14 0 10 20,
37 36 0 10 14,
48 38 0 10 12,
1 25 0 10 8,
8 13 0 10 9,
7 43 0 10 11,
8 42 0 10 17,
20 32 0 10 5,
42 34 0 10 8,
46 48 0 10 16,
34 12 0 10 20,
49 33 0 10 7,
38 16 0 10 14,
40 48 0 10 7,
36 46 0 10 9,
39 38 0 10 20,
30 35 0 10 20,
21 30 1 10 6,
18 39 0 10 12,
23 28 0 10 1,
10 47 0 10 7,
37 20 0 10 17,
38 11 0 10 4,
30 2 0 10 10,
14 9 0 10 7,
19 9 0 10 7,
1 23 0 10 9,
1 7 0 10 20,
15 49 0 10 15,
8 29 0 10 12,
33 23 0 10 20,
9 9 0 10 4,
13 28 0 10 6,
44 23 1 10 6,
29 49 0 10 15,
38 42 1 10 11,
49 35 0 10 9,
49 49 0 10 13,
43 43 0 10 8,
48 21 0 10 7,
45 26 0 10 8,
45 47 0 10 17,
32 12 0 10 20,
10 7 0 10 14,
36 30 0 10 4,
34 30 0 10 20,
23 16 0 10 9,
1 22 0 10 2,
15 26 0 10 4,
43 11 0 10 14,
28 4 0 10 13,
41 40 0 10 16,
32 8 0 10 12,
34 28 0 10 20,
4 16 0 10 14,
14 2 0 10 19,
30 12 0 10 20,
38 49 0 10 16,
39 7 0 10 16,
21 36 1 10 6,
25 42 0 10 20,
16 40 0 10 8,
26 33 1 10 6,
14 28 1 10 4,
2 6 0 10 20,
0 20 0 10 14,
30 14 0 10 3,
23 35 0 10 11,
14 22 0 10 19,
49 41 2 1 20,
9 29 0 10 10,
23 10 0 10 13,
39 6 0 10 20,
24 15 0 10 6,
3 32 1 10 7,
22 47 0 10 20,
19 19 0 10 18,
32 34 0 10 1,
10 17 0 10 11,
27 36 0 10 6,
30 44 2 5 11,
13 41 0 10 5,
24 24 0 10 6,
21 3 0 10 20,
10 4 0 10 10,
27 47 0 10 10,
47 49 0 10 15,
3 23 0 10 11,
25 8 0 10 9,
40 1 0 10 3,
36 20 0 10 4,
21 6 1 10 6,
17 38 1 10 6,
32 16 0 10 15,
11 6 0 10 20,
47 41 2 17 11,
11 15 0 10 20,
0 37 0 10 20,
8 14 0 10 15,
49 7 0 10 17,
46 46 0 10 6,
28 41 0 10 10,
37 32 0 10 7,
44 45 0 10 20,
49 4 0 10 19,
14 7 0 10 8,
0 4 0 10 16,
48 48 2 5 11,
5 26 0 10 13,
43 2 0 10 14,
41 14 0 10 20,
44 5 0 10 16,
43 37 0 10 10,
39 40 0 10 10,
17 15 0 10 8,
0 7 0 10 7,
13 36 0 10 13,
34 44 0 10 11,
8 12 0 10 20,
5 44 0 10 10,
46 2 0 10 7,
44 22 0 10 6,
41 32 0 10 2,
1 45 0 10 9,
46 39 0 10 20,
16 45 0 10 5,
6 42 0 10 12,
40 16 0 10 10,
12 8 0 10 5,
20 0 0 10 20,
24 26 0 10 13,
5 23 0 10 13,
13 26 0 10 7,
10 34 0 10 8,
11 46 0 10 20,
43 36 0 10 10,
22 49 0 10 18,
13 45 0 10 16,
5 24 0 10 11,
42 26 0 10 9,
18 43 1 10 6,
3 21 0 10 19,
6 25 0 10 12,
34 34 1 10 11,
30 1 0 10 6,
40 26 0 10 11,
19 10 0 10 12,
48 17 1 10 6,
13 12 0 10 12,
12 11 0 10 14,
10 37 0 10 10,
21 27 0 10 9,
32 32 0 10 14,
2 3 0 10 20,
43 1 0 10 20,
32 42 0 10 1,
18 22 0 10 6,
47 28 0 10 13,
7 27 0 10 8,
10 16 2 1 20,
31 21 0 10 4,
4 1 0 10 20,
23 9 0 10 2,
27 16 1 10 6,
24 0 0 10 20,
27 13 0 10 20,
16 32 0 10 13,
20 42 0 10 16,
1 44 0 10 13,
45 48 0 10 3,
17 33 0 10 20,
11 27 0 10 7,
8 41 0 10 3,
31 28 0 10 20,
23 20 0 10 8,
34 32 0 10 9,
29 3 0 10 13,
9 44 0 10 20,
45 46 0 10 18,
4 2 0 10 7,
49 19 0 10 20,
45 4 0 10 20,
23 12 0 10 11,
11 3 0 10 13,
26 40 0 10 11,
4 4 0 10 20,
32 46 0 10 12,
4 35 0 10 9,
42 17 0 10 6,
49 25 1 10 7,
25 31 0 10 20,
43 35 0 10 9,
25 15 0 10 10,
5 5 0 10 20,
17 24 0 10 7,
48 16 0 10 5,
15 10 0 10 10,
34 4 0 10 4,
28 23 0 10 12,
8 46 0 10 17,
6 2 0 10 9,
31 13 0 10 20,
39 3 0 10 12,
16 6 0 10 10,
25 3 0 10 16,
9 46 1 10 7,
16 27 0 10 5,
29 4 0 10 8,
25 36 0 10 12,
9 18 0 10 13,
45 12 0 10 7,
9 23 0 10 5,
44 46 0 10 11,
34 26 0 10 4,
18 18 0 10 8,
49 30 0 10 8,
26 23 1 10 6,
12 36 2 21 11,
26 46 0 10 9,
31 39 0 10 18,
6 24 0 10 14,
0 13 0 10 11,
8 16 0 10 20,
36 29 1 10 6,
4 8 0 10 4,
48 3 0 10 19,
39 25 0 10 12,
45 40 0 10 20,
4 23 0 10 8,
14 1 0 10 10,
3 30 0 10 20,
3 26 0 10 20,
33 37 2 1 20,
37 10 0 10 18,
48 36 2 5 11,
14 4 0 10 4,
0 24 0 10 9,
47 45 0 10 7,
41 0 0 10 2,
12 5 0 10 15,
30 48 0 10 14,
31 11 0 10 20,
19 36 0 10 3,
27 15 0 10 20,
26 39 0 10 6,
11 30 0 10 9,
48 31 1 10 6,
29 8 0 10 7,
40 5 0 10 7,
11 42 0 10 9,
36 43 0 10 2,
29 26 0 10 13,
21 47 2 1 20,
13 35 0 10 11,
25 0 1 10 6,
34 31 0 10 14,
41 28 0 10 14,
36 27 0 10 12,
23 24 0 10 7,
25 4 0 10 7,
48 10 0 10 20,
9 0 0 10 20,
13 9 0 10 20,
15 38 0 10 7,
18 20 0 10 20,
16 34 0 10 20,
22 6 0 10 4,
31 4 0 10 6,
11 19 0 10 6,
41 25 0 10 9,
7 3 0 10 20,
41 39 0 10 14,
31 40 0 10 20,
47 26 0 10 8,
40 3 0 10 5,
40 4 0 10 20,
17 14 1 10 6,
41 31 0 10 3,
42 23 1 10 6,
21 37 0 10 20,
1 41 0 10 20,
4 10 0 10 19,
41 9 0 10 20,
11 11 0 10 18,
20 20 0 10 19,
18 1 0 10 4,
25 24 1 10 6,
27 2 1 10 6,
40 44 0 10 13,
1 39 0 10 11,
8 37 1 10 6,
19 28 0 10 6,
12 7 1 10 6,
43 13 0 10 9,
47 0 0 10 20,
29 42 0 10 18,
22 21 0 10 8,
5 29 0 10 5,
48 28 1 10 7,
20 47 0 10 15,
6 8 0 10 8,
23 14 0 10 6,
33 29 0 10 20,
26 47 0 10 18,
24 27 0 10 1,
36 19 0 10 20,
40 0 0 10 12,
10 0 0 10 20,
42 30 0 10 12,
14 30 1 10 6,
29 46 0 10 20,
29 23 0 10 10,
5 34 1 10 6,
31 25 0 10 13,
26 14 0 10 6,
15 27 0 10 4,
17 1 0 10 11,
19 37 0 10 17,
8 30 0 10 13,
1 15 0 10 13,
28 39 0 10 20,
1 35 0 10 14,
1 16 0 10 17,
17 48 0 10 20,
14 31 1 10 8,
27 27 0 10 19,
44 3 0 10 14,
42 20 0 10 10,
38 26 0 10 13,
44 24 1 10 7,
32 28 0 10 6,
15 36 0 10 6,
30 10 0 10 11,
27 31 0 10 14,
37 15 0 10 9,
24 3 0 10 9,
35 7 0 10 9,
21 38 0 10 10,
28 27 0 10 12,
26 29 0 10 20,
32 39 0 10 20,
14 32 0 10 14,
31 43 0 10 12,
35 4 0 10 7,
20 38 0 10 11,
39 36 0 10 10,
8 17 0 10 11,
23 25 0 10 14,
10 32 0 10 13,
35 47 0 10 10,
7 33 0 10 7,
28 25 0 10 7,
42 21 1 10 6,
17 23 0 10 3,
21 22 1 10 6,
48 0 0 10 13,
47 38 0 10 14,
37 1 0 10 20,
9 1 0 10 20,
32 20 0 10 20,
7 37 0 10 20,
46 13 1 10 6,
28 24 0 10 11,
27 34 0 10 6,
42 49 0 10 17,
45 25 0 10 11,
21 17 0 10 6,
11 29 1 10 6,
8 22 0 10 2,
31 32 0 10 7,
21 20 0 10 6,
33 30 0 10 20,
29 0 0 10 2,
45 32 1 10 6,
41 8 0 10 6,
48 41 0 10 19,
35 33 1 10 11,
0 43 1 10 7,
11 7 0 10 6,
35 14 0 10 12,
35 41 0 10 3,
12 41 1 10 6,
31 46 0 10 20,
9 13 0 10 16,
2 12 0 10 8,
12 21 0 10 8,
36 40 2 1 20,
37 39 0 10 20,
4 41 0 10 11,
31 35 1 10 11,
42 31 0 10 10,
41 27 0 10 4,
26 25 0 10 6,
6 49 0 10 14,
40 2 0 10 15,
33 19 0 10 20,
4 45 0 10 9,
23 48 0 10 15,
25 48 0 10 16,
17 37 0 10 20,
15 29 0 10 6,
6 36 0 10 20,
38 27 0 10 11,
10 3 0 10 20,
33 42 0 10 20,
18 14 0 10 9,
18 48 0 10 20,
20 11 0 10 13,
47 4 0 10 2,
42 35 0 10 2,
29 48 0 10 5,
39 4 0 10 6,
49 26 0 10 1,
46 6 0 10 6,
25 18 1 10 10,
39 17 0 10 14,
47 2 0 10 7,
33 43 0 10 13,
1 33 0 10 6,
33 24 0 10 16,
48 5 0 10 18,
21 48 0 10 20,
20 14 0 10 16,
3 5 0 10 20,
7 39 0 10 12,
40 22 0 10 8,
14 47 0 10 20,
34 9 0 10 18,
4 46 0 10 9,
41 23 0 10 11,
27 45 0 10 18,
6 22 0 10 14,
0 40 0 10 20,
45 21 0 10 7,
0 10 0 10 15,
47 34 0 10 6,
19 1 0 10 14,
46 12 0 10 20,
34 19 1 10 6,
44 11 0 10 6,
20 3 0 10 7,
2 45 0 10 14,
32 1 1 10 6,
5 27 0 10 7,
17 30 0 10 8,
11 33 0 10 17,
7 17 0 10 20,
49 18 1 10 6,
0 35 0 10 20,
43 45 2 33 11,
29 6 1 10 6,
25 13 0 10 12,
36 41 0 10 19,
11 44 0 10 20,
11 32 1 10 6,
15 19 0 10 12,
43 26 1 10 6,
46 41 0 10 20,
18 35 0 10 9,
27 3 0 10 20,
3 22 0 10 12,
16 2 0 10 20,
46 18 0 10 7,
41 1 0 10 11,
23 4 0 10 10,
13 2 0 10 11,
27 43 0 10 7,
27 28 0 10 10,
49 8 0 10 20,
37 16 2 1 20,
28 14 0 10 20,
40 11 0 10 6,
13 20 0 10 11,
32 0 0 10 6,
43 49 0 10 3,
26 31 0 10 9,
42 46 0 10 17,
46 23 1 10 6,
39 9 0 10 5,
7 14 0 10 20,
19 38 0 10 6,
8 47 1 10 7,
13 14 0 10 6,
15 30 0 10 11,
42 32 1 10 7,
39 49 0 10 20,
21 31 0 10 4,
13 3 0 10 5,
17 40 0 10 12,
2 1 0 10 9,
7 36 0 10 14,
0 27 0 10 10,
33 6 1 10 6,
47 27 0 10 7,
27 49 0 10 2,
3 38 0 10 13,
8 38 0 10 20,
12 22 0 10 8,
23 47 0 10 18,
1 37 0 10 6,
32 3 1 10 6,
22 8 0 10 9,
17 20 0 10 7,
11 12 0 10 6,
7 6 0 10 18,
20 49 0 10 20,
3 36 0 10 20,
27 30 0 10 6,
31 8 0 10 7,
16 10 0 10 7,
23 43 0 10 14,
13 0 0 10 17,
42 38 0 10 17,
25 44 0 10 7,
41 35 0 10 12,
22 2 0 10 20,
24 38 0 10 11,
28 38 0 10 20,
10 2 0 10 17,
25 5 0 10 20,
48 43 0 10 4,
32 11 0 10 9,
17 12 0 10 10,
28 18 0 10 2,
36 14 2 33 11,
28 8 0 10 9,
12 24 0 10 10,
9 38 0 10 7,
46 1 0 10 8,
1 43 0 10 5,
49 32 0 10 3,
22 42 0 10 20,
6 29 1 10 7,
39 19 1 10 7,
37 2 0 10 18,
34 16 0 10 4,
4 37 0 10 13,
8 15 0 10 11,
38 8 0 10 6,
22 20 0 10 11,
15 0 0 10 13,
14 17 0 10 6,
23 18 1 10 6,
33 38 0 10 14,
45 31 0 10 19,
47 23 0 10 8,
24 35 0 10 14,
2 40 0 10 10,
43 18 1 10 6,
47 35 0 10 13,
6 16 0 10 20,
7 41 0 10 10,
49 10 0 10 4,
34 1 0 10 9,
22 45 0 10 19,
1 20 0 10 20,
25 2 0 10 13,
9 6 0 10 9,
37 30 0 10 9,
9 31 0 10 9,
29 1 0 10 5,
20 31 0 10 6,
48 33 0 10 7,
10 36 0 10 13,
26 18 0 10 7,
1 18 0 10 18,
28 42 0 10 14,
44 0 0 10 20,
47 14 1 10 6,
30 7 1 10 6,
13 10 0 10 13,
13 21 0 10 20,
24 28 0 10 20,
37 38 0 10 20,
49 22 0 10 8,
7 5 0 10 14,
32 9 0 10 8,
30 8 0 10 7,
32 7 0 10 6,
23 6 0 10 7,
6 40 0 10 9,
28 44 0 10 15,
45 44 0 10 16,
40 31 0 10 12,
24 16 0 10 12,
27 11 2 45 11,
16 41 0 10 11,
21 26 0 10 6,
42 4 0 10 15,
7 13 2 1 20,
45 5 0 10 5,
30 13 1 10 10,
20 23 0 10 6,
14 43 0 10 11,
4 0 0 10 20,
21 44 0 10 20,
36 48 0 10 8,
37 25 1 10 6,
23 30 1 10 6,
4 12 0 10 7,
16 36 0 10 20,
43 34 0 10 3,
0 6 0 10 15,
11 26 0 10 4,
24 43 0 10 6,
41 15 0 10 9,
8 24 0 10 10,
29 24 0 10 13,
33 14 0 10 13,
35 46 0 10 7,
6 12 0 10 15,
17 44 0 10 10,
17 13 0 10 16,
5 41 0 10 13,
0 42 0 10 12,
37 11 0 10 13,
20 5 0 10 11,
23 21 2 5 11,
46 7 0 10 14,
43 10 0 10 11,
25 39 0 10 16,
2 47 0 10 8,
15 6 0 10 5,
11 8 0 10 17,
48 37 0 10 20,
10 19 0 10 13,
45 38 0 10 11,
10 44 0 10 7,
43 30 1 10 6,
49 24 0 10 9,
3 37 0 10 10,
13 4 0 10 20,
38 12 0 10 12,
45 30 0 10 7,
19 0 0 10 20,
2 49 0 10 9,
21 46 0 10 16,
42 36 0 10 11,
0 49 0 10 20,
49 27 0 10 10,
41 29 0 10 19,
31 29 2 1 20,
4 49 0 10 4,
4 20 2 1 20,
32 6 0 10 11,
0 26 0 10 7,
13 11 0 10 4,
4 29 0 10 20,
47 15 0 10 18,
12 1 0 10 4,
15 18 0 10 8,
11 38 0 10 9,
30 27 0 10 14,
30 28 0 10 1,
28 33 0 10 20,
34 18 0 10 3,
26 30 0 10 16,
20 6 0 10 11,
48 45 0 10 15,
22 17 0 10 6,
43 9 2 33 11,
24 49 0 10 15,
3 14 0 10 20,
43 47 0 10 12,
39 37 0 10 14,
5 19 0 10 12,
34 0 0 10 12,
7 44 0 10 20,
30 6 1 10 6,
32 31 0 10 20,
9 41 0 10 3,
29 28 0 10 14,
8 1 0 10 11,
0 12 0 10 14,
9 36 0 10 6,
16 8 0 10 14,
0 46 0 10 12,
44 21 0 10 9,
32 41 0 10 20,
40 41 0 10 17,
36 8 0 10 14,
8 26 0 10 7,
48 32 0 10 4,
8 25 0 10 15,
18 49 1 10 6,
24 31 0 10 6,
35 3 0 10 5,
1 4 0 10 20,
44 40 0 10 20,
12 6 0 10 8,
1 28 0 10 20,
13 13 0 10 20,
10 18 0 10 7,
18 11 0 10 2,
27 35 0 10 3,
2 42 1 10 5,
30 40 0 10 9,
29 10 0 10 14,
46 8 0 10 9,
23 26 0 10 3,
7 21 0 10 3,
29 36 0 10 20,
25 21 0 10 13,
34 40 0 10 14,
44 29 1 10 6,
8 34 0 10 6,
21 14 0 10 8,
47 17 0 10 3,
38 2 0 10 6,
20 39 0 10 11,
33 0 0 10 8,
47 19 0 10 6,
1 6 0 10 4,
42 8 0 10 18,
30 22 0 10 3,
1 12 0 10 19,
27 22 0 10 8,
30 21 0 10 6,
19 29 0 10 11,
6 3 0 10 20,
2 16 0 10 1,
26 2 0 10 20,
37 42 0 10 3,
4 30 1 10 6,
47 24 1 10 6,
8 28 0 10 6,
14 21 0 10 4,
46 42 0 10 14,
33 28 0 10 14,
8 39 1 10 6,
49 0 1 10 6,
5 15 0 10 12,
38 7 0 10 20,
21 42 0 10 6,
38 23 0 10 12,
8 48 0 10 18,
0 33 0 10 20,
27 20 0 10 11,
0 32 1 10 6,
36 11 0 10 13,
11 9 0 10 2,
42 29 0 10 5,
24 5 0 10 8,
6 26 0 10 8,
8 7 0 10 20,
24 23 0 10 6,
15 4 0 10 3,
26 0 0 10 5,
33 9 0 10 6,
36 31 0 10 8,
21 24 0 10 8,
22 5 0 10 17,
17 18 0 10 10,
14 19 1 10 6,
20 9 0 10 13,
42 39 0 10 6,
21 5 0 10 9,
25 32 0 10 20,
2 25 0 10 20,
6 17 0 10 20,
41 20 0 10 11,
11 24 0 10 6,
45 11 0 10 15,
27 48 0 10 18,
20 45 0 10 20,
34 25 2 5 11,
34 35 0 10 20,
20 2 0 10 20,
30 16 0 10 9,
2 11 0 10 18,
0 23 0 10 17,
27 26 0 10 9,
5 21 2 25 11,
38 46 1 10 8,
33 25 1 10 11,
43 33 0 10 4,
31 42 0 10 20,
28 31 0 10 4,
24 22 0 10 14,
16 39 0 10 11,
14 11 0 10 9,
46 37 0 10 20,
5 45 0 10 20,
28 22 0 10 20,
13 34 1 10 8,
20 21 1 10 6,
33 32 0 10 5,
30 9 0 10 12,
36 22 0 10 11,
46 28 1 10 7,
34 20 0 10 5,
33 35 0 10 8,
10 23 0 10 7,
34 7 0 10 14,
27 46 0 10 17,
2 39 0 10 9,
13 49 0 10 15,
44 18 1 10 6,
9 24 0 10 18,
40 10 2 1 20,
43 14 0 10 6,
43 28 0 10 12,
49 29 0 10 11,
42 3 0 10 11,
37 29 0 10 17,
9 21 0 10 8,
43 3 0 10 20,
1 19 0 10 16,
19 2 0 10 20,
5 11 0 10 10,
13 18 1 10 10,
15 34 0 10 7,
16 21 0 10 6,
35 28 0 10 15,
35 38 0 10 20,
9 28 2 1 20,
38 24 0 10 6,
32 14 0 10 20,
19 7 0 10 6,
11 45 0 10 20,
36 25 0 10 6,
34 39 0 10 20,
46 36 0 10 18,
5 4 0 10 20,
13 19 2 21 11,
12 16 0 10 9,
32 2 0 10 2,
41 13 0 10 11,
41 38 0 10 20,
24 8 0 10 19,
47 40 0 10 20,
40 13 0 10 20,
3 45 0 10 7,
35 20 0 10 14,
26 41 0 10 20,
12 3 0 10 20,
15 35 0 10 20,
2 0 0 10 14,
40 17 0 10 7,
47 13 0 10 17,
24 36 1 10 11,
29 25 0 10 6,
39 10 0 10 3,
14 15 0 10 7,
20 12 0 10 11,
27 8 1 10 10,
10 11 0 10 17,
11 1 0 10 20,
12 38 0 10 20,
33 48 0 10 15,
22 10 0 10 6,
17 43 0 10 9,
20 34 0 10 15,
28 46 0 10 17,
44 47 0 10 20,
31 41 0 10 8,
36 10 0 10 14,
16 47 0 10 20,
41 11 0 10 20,
14 26 0 10 5,
4 9 0 10 20,
47 46 0 10 19,
23 33 0 10 20,
37 9 0 10 20,
13 1 0 10 20,
24 48 0 10 20,
31 23 0 10 2,
22 30 0 10 10,
34 36 0 10 1,
28 3 0 10 2,
24 45 0 10 20,
1 17 0 10 2,
14 18 0 10 11,
0 8 0 10 20,
10 38 0 10 10,
1 29 2 9 11,
45 0 0 10 9,
0 2 0 10 6,
20 7 1 10 6,
47 22 0 10 6,
26 5 1 10 6,
1 8 0 10 20,
39 1 0 10 17,
41 36 0 10 20,
3 19 0 10 20,
34 46 0 10 11,
16 5 0 10 17,
22 41 0 10 9,
47 36 0 10 20,
45 18 1 10 6,
44 13 0 10 20,
38 43 0 10 14,
35 44 0 10 5,
35 17 0 10 15,
49 17 0 10 6,
48 46 0 10 8,
20 8 0 10 7,
19 39 0 10 15,
15 16 1 10 6,
44 28 0 10 7,
19 16 0 10 6,
31 10 0 10 6,
9 47 0 10 20,
18 34 0 10 17,
47 37 0 10 11,
44 26 0 10 11,
30 31 0 10 16,
32 19 0 10 9,
36 0 0 10 8,
31 33 0 10 20,
22 28 0 10 20,
44 30 0 10 8,
12 33 0 10 8,
25 6 0 10 7,
15 21 0 10 20,
35 6 0 10 15,
5 13 0 10 6,
31 44 0 10 12,
27 19 0 10 6,
37 35 0 10 13,
4 3 0 10 20,
16 25 0 10 20,
7 35 0 10 4,
15 11 0 10 12,
44 10 0 10 11,
34 21 0 10 15,
46 32 0 10 8,
10 15 1 10 10,
41 24 1 10 6,
13 37 0 10 13,
2 35 0 10 20,
6 7 0 10 12,
19 14 0 10 6,
34 14 0 10 18,
2 30 0 10 7,
24 1 0 10 10,
23 7 0 10 8,
48 4 0 10 20,
45 42 0 10 18,
5 46 1 10 7,
31 18 0 10 14,
48 22 0 10 7,
36 24 0 10 12,
49 13 0 10 13,
31 47 0 10 6,
4 32 0 10 8,
28 34 0 10 4,
44 38 0 10 9,
32 36 0 10 7,
30 19 0 10 6,
6 19 0 10 20,
35 11 0 10 15,
48 29 1 10 6,
49 40 0 10 17,
26 44 0 10 3,
40 29 0 10 14,
16 19 0 10 9,
36 37 0 10 15,
42 18 1 10 6,
34 49 0 10 15,
38 0 0 10 20,
12 47 0 10 20,
31 27 0 10 14,
13 15 0 10 20,
39 14 0 10 6,
3 7 0 10 5,
44 4 0 10 5,
42 1 0 10 1,
10 45 0 10 20,
25 46 0 10 20,
44 43 0 10 19,
43 22 0 10 6,
8 18 0 10 14,
27 4 0 10 10,
35 13 2 1 20,
28 40 0 10 4,
22 7 0 10 6,
17 2 0 10 20,
13 46 0 10 6,
39 34 0 10 20,
11 23 0 10 9,
38 30 0 10 15,
7 34 0 10 7,
14 0 0 10 14,
6 6 0 10 15,
42 10 0 10 13,
20 22 0 10 17,
48 18 0 10 3,
40 23 0 10 8,
33 1 0 10 3,
16 42 0 10 20,
0 36 0 10 14,
26 34 0 10 2,
25 16 1 10 10,
8 11 0 10 19,
4 13 0 10 20,
8 5 0 10 4,
39 44 0 10 20,
0 17 0 10 3,
27 32 0 10 8,
49 21 0 10 10,
46 30 0 10 9,
48 39 0 10 20,
23 13 0 10 11,
11 13 0 10 15,
24 2 0 10 15,
28 9 0 10 8,
34 17 0 10 20,
24 9 0 10 12,
3 28 0 10 2,
49 39 0 10 20,
19 46 1 10 6,
27 44 0 10 15,
2 26 0 10 4,
23 11 0 10 9,
32 40 1 10 8,
42 14 0 10 10,
22 38 0 10 20,
6 32 0 10 8,
33 27 0 10 20,
48 30 0 10 7,
49 11 0 10 13,
19 17 0 10 16,
10 21 0 10 10,
11 22 0 10 9,
46 40 0 10 11,
44 36 2 25 11,
47 3 0 10 10,
30 5 2 53 11,
20 41 0 10 7,
14 29 0 10 7,
27 25 0 10 15,
9 5 0 10 20,
2 37 0 10 20,
44 32 0 10 4,
3 20 0 10 12,
11 37 0 10 1,
7 18 0 10 10,
24 18 0 10 13,
18 15 1 10 6,
19 23 0 10 11,
40 42 0 10 14,
19 48 0 10 6,
0 5 0 10 3,
3 31 0 10 8,
37 28 0 10 13,
3 6 0 10 18,
47 7 0 10 19,
11 2 0 10 1,
29 45 0 10 3,
29 38 0 10 12,
9 12 0 10 1,
39 43 0 10 11,
9 22 0 10 8,
5 18 0 10 14,
26 20 1 10 6,
32 38 0 10 15,
17 47 0 10 14,
21 10 0 10 14,
15 12 0 10 6,
16 7 0 10 6,
42 19 0 10 9,
27 39 0 10 12,
1 26 0 10 11,
13 33 0 10 15,
36 1 0 10 4,
11 34 0 10 9,
9 10 0 10 3,
12 48 0 10 19,
9 34 0 10 12,
35 15 0 10 20,
27 7 0 10 17,
38 9 0 10 19,
30 18 0 10 6,
15 32 1 10 6,
11 18 0 10 12,
33 49 0 10 20,
30 26 0 10 14,
22 37 0 10 8,
21 25 0 10 20,
33 10 0 10 8,
40 32 0 10 6,
42 40 0 10 13,
14 12 0 10 20,
25 19 0 10 14,
39 29 1 10 7,
45 6 0 10 17,
22 19 1 10 6,
10 33 0 10 10,
7 28 0 10 7,
2 17 0 10 17,
8 9 0 10 18,
28 43 0 10 14,
16 35 1 10 6,
32 22 0 10 5,
33 41 0 10 19,
36 28 0 10 1,
30 29 0 10 3,
3 25 0 10 5,
19 18 1 10 6,
44 17 0 10 6,
28 15 0 10 6,
41 17 1 10 6,
20 29 0 10 15,
46 22 0 10 8,
31 20 0 10 7,
40 46 0 10 13,
4 11 0 10 7,
45 8 0 10 20,
20 28 0 10 12,
35 36 0 10 20,
29 31 0 10 20,
39 41 0 10 3,
3 39 0 10 7,
19 3 0 10 2,
19 45 0 10 17,
26 16 2 5 11,
23 27 0 10 20,
5 2 0 10 20,
36 44 0 10 17,
21 8 0 10 19,
15 39 2 5 11,
17 11 0 10 6,
18 44 0 10 3,
9 39 0 10 9,
38 20 1 10 7,
29 18 1 10 6,
44 49 0 10 4,
25 35 0 10 20,
19 20 0 10 6,
10 8 0 10 16,
48 20 1 10 6,
45 1 0 10 14,
45 14 0 10 9,
17 41 0 10 5,
6 0 0 10 20,
18 27 1 10 6,
41 7 0 10 17,
32 25 1 10 6,
5 39 1 10 6,
36 17 0 10 20,
17 19 0 10 9,
27 18 1 10 6,
6 9 0 10 20,
6 46 0 10 20,
3 13 0 10 5,
24 30 0 10 8,
30 4 0 10 14,
32 24 1 10 11,
2 29 0 10 20,
1 24 0 10 10,
47 39 1 10 7,
17 21 0 10 20,
43 31 0 10 7,
12 34 0 10 14,
8 43 0 10 2,
1 38 0 10 20,
14 49 0 10 20,
21 40 0 10 8,
38 35 0 10 13,
44 41 0 10 1,
10 35 0 10 7,
1 9 0 10 20,
18 6 0 10 14,
11 35 0 10 13,
39 15 0 10 11,
16 23 0 10 8,
35 0 0 10 7,
13 8 0 10 6,
1 5 0 10 14,
48 9 0 10 15,
22 23 0 10 8,
13 27 0 10 9,
33 16 0 10 8,
14 35 0 10 8,
24 44 0 10 5,
30 0 0 10 8,
7 4 0 10 5,
6 35 0 10 6,
18 41 0 10 13,
42 22 0 10 12,
30 49 0 10 20,
13 47 0 10 19,
14 38 0 10 13,
25 23 0 10 5,
42 48 0 10 13,
21 29 0 10 2,
16 46 0 10 15,
16 0 0 10 20,
15 22 0 10 9,
46 31 0 10 9,
35 25 0 10 20,
3 2 0 10 20,
48 24 0 10 7,
14 5 0 10 4,
29 39 0 10 3,
25 34 0 10 6,
0 1 0 10 6,
6 13 0 10 14,
7 26 0 10 14,
45 10 1 10 6,
28 16 0 10 19,
48 2 0 10 11,
30 41 0 10 14,
0 48 0 10 5,
3 15 0 10 15,
26 3 0 10 6,
11 41 0 10 20,
21 12 0 10 7,
39 26 0 10 13,
48 27 0 10 7,
29 9 0 10 6,
44 6 0 10 4,
42 7 1 10 6,
44 33 0 10 20,
17 16 0 10 9,
5 40 0 10 10,
49 6 0 10 11,
15 46 0 10 14,
44 39 0 10 10,
45 3 0 10 6,
2 2 0 10 20,
47 21 1 10 7,
37 19 0 10 5,
13 17 0 10 4,
42 15 1 10 6,
14 16 0 10 5,
25 47 0 10 20,
21 15 0 10 12,
26 48 0 10 1,
1 1 0 10 7,
39 47 0 10 20,
23 41 0 10 20,
12 10 0 10 19,
45 45 0 10 19,
12 39 1 10 7,
26 19 0 10 10,
4 47 0 10 3,
5 37 1 10 5,
44 8 2 9 11,
6 37 0 10 1,
31 2 0 10 12,
34 29 0 10 7,
20 44 0 10 20,
18 19 0 10 6,
33 2 0 10 8,
41 2 0 10 15,
9 35 0 10 11,
27 5 0 10 20,
10 22 0 10 10,
7 25 0 10 9,
29 13 2 1 20,
0 11 0 10 3,
0 25 0 10 12,
41 16 0 10 14,
22 29 0 10 17,
11 39 0 10 20,
6 1 0 10 20,
20 43 1 10 6,
35 43 1 10 11,
27 23 0 10 12,
37 34 1 10 6,
13 7 0 10 1,
32 45 0 10 15,
38 1 0 10 18,
6 44 2 1 20,
30 33 0 10 17,
27 1 0 10 20,
49 47 0 10 11,
14 48 0 10 18,
39 8 0 10 1,
31 6 0 10 11,
8 6 2 1 20,
1 30 0 10 20,
10 20 0 10 9,
14 14 0 10 20,
14 40 0 10 11,
26 32 0 10 15,
42 25 0 10 6,
4 42 1 10 5,
23 37 0 10 10,
18 13 0 10 11,
28 30 0 10 17,
23 15 0 10 3,
40 6 0 10 16,
12 25 1 10 6,
49 38 0 10 7,
34 27 0 10 9,
8 45 0 10 11,
2 41 0 10 20,
15 44 0 10 4,
29 21 0 10 6,
17 26 0 10 6,
39 31 0 10 20,
33 4 1 10 6,
43 17 1 10 6,
5 6 0 10 13,
23 40 0 10 13,
26 7 0 10 10,
46 20 1 10 7,
38 21 2 5 11,
36 18 0 10 2,
19 35 0 10 14,
38 25 0 10 13,
16 26 0 10 8,
23 38 0 10 9,
30 3 0 10 11,
3 41 0 10 9,
18 25 1 10 6,
23 34 0 10 9,
29 37 0 10 20,
1 21 0 10 3,
15 23 0 10 11,
23 8 0 10 11,
4 21 0 10 11,
43 6 0 10 20,
36 7 0 10 18,
11 36 0 10 8,
36 36 0 10 12,
35 1 0 10 7,
27 33 0 10 1,
14 33 0 10 6,
14 46 0 10 15,
1 48 0 10 20,
30 45 0 10 20,
34 6 0 10 8,
43 21 1 10 6,
5 32 0 10 11,
44 34 0 10 10,
49 37 0 10 20,
32 30 0 10 20,
11 20 1 10 8,
38 31 0 10 10,
17 9 0 10 13,
23 36 0 10 7,
6 48 0 10 16,
14 42 0 10 16,
34 11 0 10 15,
46 15 1 10 6,
26 27 0 10 10,
33 17 0 10 5,
12 30 0 10 6,
14 20 0 10 10,
19 5 0 10 12,
40 8 0 10 17,
38 29 0 10 13,
16 12 0 10 15,
36 5 0 10 16,
47 42 0 10 14,
20 26 0 10 20,
34 2 0 10 9,
29 7 0 10 6,
37 44 0 10 9,
10 26 0 10 7,
45 7 0 10 3,
8 20 0 10 6,
3 40 0 10 20,
6 47 0 10 13,
29 17 0 10 3,
49 28 0 10 6,
24 11 0 10 13,
23 42 0 10 3,
7 49 0 10 17,
24 47 0 10 20,
2 19 0 10 19,
40 14 0 10 12,
28 12 0 10 11,
34 15 0 10 13,
13 44 0 10 4,
2 4 0 10 13,
41 10 0 10 9,
11 10 0 10 15,
41 37 0 10 8,
48 1 0 10 6,
23 22 0 10 7,
43 32 0 10 9,
39 27 0 10 10,
14 41 0 10 7,
25 28 0 10 13,
44 48 0 10 4,
23 3 0 10 18,
16 4 0 10 6,
41 4 0 10 10,
47 16 1 10 6,
15 1 0 10 20,
29 5 0 10 20,
16 13 0 10 9,
6 20 0 10 11,
47 12 0 10 9,
40 18 0 10 9,
3 42 0 10 20,
28 35 0 10 20,
42 42 0 10 18,
0 38 0 10 12,
30 24 0 10 7,
25 38 1 10 6,
37 26 0 10 16,
42 43 0 10 20,
46 9 0 10 20,
7 24 0 10 1,
6 5 0 10 20,
4 43 0 10 13,
48 42 0 10 13,
18 28 0 10 12,
17 25 0 10 5,
45 20 0 10 9,
21 23 0 10 6,
42 24 2 13 11,
29 15 0 10 2,
36 35 0 10 15,
11 4 0 10 14,
45 49 0 10 14,
7 46 0 10 12,
23 29 0 10 9,
48 49 0 10 12,
10 40 0 10 20,
42 27 0 10 13,
9 4 0 10 20,
39 0 0 10 17,
4 36 0 10 3,
27 6 0 10 6,
39 12 0 10 4,
20 40 0 10 5,
2 22 0 10 2,
2 34 0 10 14,
41 18 1 10 6,
9 40 0 10 2,
14 44 0 10 17,
2 32 0 10 9,
7 2 0 10 14,
45 13 0 10 7,
0 29 0 10 20,
47 48 0 10 11,
38 40 1 10 11,
11 17 0 10 20,
16 16 0 10 20,
32 27 0 10 2,
15 20 0 10 9,
21 1 0 10 20,
36 4 0 10 6,
29 12 0 10 4,
16 30 0 10 11,
21 0 0 10 10,
46 24 1 10 7,
17 4 0 10 20,
8 33 0 10 12,
19 12 0 10 3,
30 42 0 10 12,
48 23 0 10 8,
30 11 0 10 1,
1 34 0 10 20,
44 1 0 10 20,
18 24 0 10 12,
34 41 0 10 20,
26 8 2 5 18,
37 40 0 10 20,
44 2 0 10 19,
32 29 0 10 20,
24 17 0 10 6,
26 28 0 10 18,
17 8 0 10 20,
7 7 0 10 20,
40 21 0 10 8,
20 25 0 10 7,
8 32 0 10 14,
20 13 0 10 7,
37 3 0 10 7,
6 34 0 10 10,
7 31 0 10 12,
18 10 0 10 8,
20 46 0 10 2,
36 9 0 10 11,
30 15 0 10 4,
17 7 0 10 11,
29 33 0 10 5,
32 18 0 10 20,
37 4 0 10 12,
28 45 0 10 16,
39 13 1 10 9,
17 39 0 10 7,
39 2 0 10 4,
38 13 0 10 7,
18 2 0 10 12,
35 37 0 10 20,
43 46 0 10 20,
29 40 0 10 20,
6 30 0 10 7,
37 0 0 10 20,
12 27 0 10 6,
30 38 0 10 6,
19 32 0 10 6,
19 8 0 10 12,
43 19 0 10 6,
31 19 0 10 7,
4 40 0 10 6,
16 22 0 10 4,
10 25 0 10 17,
5 22 0 10 7,
12 17 0 10 8,
4 34 0 10 6,
48 35 1 10 6,
2 21 0 10 3,
46 19 1 10 6,
46 5 0 10 9,
35 16 0 10 13,
41 49 0 10 8,
14 10 0 10 3,
36 3 0 10 14,
16 1 0 10 6,
26 43 0 10 6,
25 10 0 10 11,
46 47 0 10 18,
0 19 0 10 20,
31 9 0 10 13,
44 35 0 10 11,
12 12 0 10 18,
28 49 0 10 4,
5 0 0 10 20,
15 33 0 10 12,
21 7 0 10 10,
33 15 0 10 19,
10 46 0 10 15,
40 28 0 10 7,
13 5 0 10 15,
34 23 0 10 16,
31 37 0 10 20,
32 33 0 10 20,
17 6 0 10 18,
24 19 1 10 6,
30 34 0 10 11,
0 14 0 10 12,
43 48 0 10 20,
17 42 0 10 6,
8 4 0 10 20,
25 1 0 10 14,
0 15 0 10 18,
14 45 0 10 7,
47 25 0 10 7,
16 15 0 10 6,
21 33 0 10 14,
43 39 0 10 16,
0 31 0 10 20,
47 11 0 10 20,
36 2 0 10 20,
46 33 1 10 6,
38 47 0 10 20,
26 49 0 10 17,
15 7 0 10 13,
2 31 0 10 19,
49 42 0 10 5,
40 33 0 10 11,
29 44 0 10 20,
11 0 0 10 3,
8 10 0 10 20,
23 0 1 10 6,
42 16 0 10 6,
0 39 0 10 10,
42 44 0 10 7,
17 5 0 10 7,
29 16 0 10 14,
30 25 0 10 14,
24 14 0 10 11,
21 19 0 10 17,
31 45 2 5 11,
31 26 0 10 6,
25 29 0 10 17,
20 10 0 10 6,
22 32 0 10 4,
21 35 0 10 14,
19 34 0 10 10,
43 38 0 10 7,
16 44 0 10 12,
30 39 0 10 20,
47 29 0 10 7,
41 26 0 10 2,
42 37 0 10 2,
3 1 0 10 20,
18 21 0 10 7,
38 22 0 10 10,
19 22 0 10 8,
5 7 0 10 7,
8 35 0 10 10,
28 36 0 10 13,
44 44 0 10 2,
16 3 0 10 20,
22 14 0 10 7,
35 22 0 10 9,
2 20 0 10 4,
16 17 0 10 6,
35 8 2 5 11,
26 17 0 10 10,
35 48 0 10 18,
30 32 0 10 20,
18 36 0 10 8,
7 29 1 10 6,
40 36 0 10 4,
20 27 1 10 6,
10 10 0 10 1,
18 3 0 10 20,
41 44 0 10 20,
32 4 0 10 6,
49 15 0 10 19,
32 26 0 10 11,
24 46 0 10 7,
1 47 1 10 5,
38 10 2 1 20,
21 11 0 10 7,
13 30 0 10 8,
35 19 0 10 3,
33 11 0 10 20,
46 44 2 1 20,
45 29 0 10 8,
12 23 1 10 8,
25 17 0 10 11,
35 21 0 10 6,
43 4 0 10 12,
28 21 0 10 10,
19 26 0 10 6,
8 36 0 10 8,
15 3 0 10 16,
12 0 0 10 20,
46 29 0 10 8,
45 19 0 10 6,
15 45 0 10 20,
18 17 0 10 11,
39 18 0 10 6,
20 1 0 10 9,
26 42 0 10 5,
43 44 0 10 20,
7 1 0 10 20,
1 2 0 10 20,
24 12 0 10 13,
4 18 0 10 20,
42 9 0 10 12,
45 2 0 10 13,
22 4 0 10 10,
6 31 0 10 10,
36 42 0 10 12,
41 22 0 10 10,
33 22 0 10 15,
43 12 0 10 17,
22 13 1 10 6,
7 47 0 10 15,
23 44 0 10 19,
20 37 1 10 6,
2 38 0 10 7,
38 28 0 10 7,
35 42 0 10 1,
13 29 0 10 7,
45 43 0 10 20,
2 9 0 10 20,
43 29 0 10 11,
2 14 0 10 20,
24 13 0 10 10,
42 0 0 10 16,
5 25 0 10 15,
34 45 0 10 12,
17 35 0 10 5,
42 6 0 10 14,
0 28 0 10 11,
29 19 0 10 9,
20 16 0 10 7,
31 3 0 10 13,
31 5 0 10 4,
0 21 0 10 20,
45 33 0 10 9,
3 3 0 10 6,
32 17 0 10 7,
24 20 0 10 18,
9 19 0 10 8,
7 32 0 10 9,
30 37 0 10 20,
31 34 0 10 20,
37 7 0 10 8,
5 9 0 10 3,
43 40 1 10 6,
28 7 0 10 6,
11 5 0 10 9,
10 31 0 10 20,
26 10 0 10 13,
24 10 0 10 18,
42 47 0 10 18,
12 18 0 10 10,
42 45 0 10 20,
26 13 1 10 10,
46 17 0 10 6,
10 14 0 10 14,
27 0 0 10 7,
17 36 0 10 10,
27 9 0 10 5,
45 22 0 10 11,
3 29 0 10 9,
35 26 0 10 11,
8 23 1 10 6,
12 35 0 10 12,
30 20 0 10 5,
43 20 0 10 6,
29 22 0 10 7,
1 49 0 10 6,
29 11 0 10 20,
36 23 0 10 4,
13 25 0 10 2,
13 32 0 10 8,
22 31 0 10 19,
36 15 1 10 10,
27 37 0 10 14,
20 48 0 10 20,
5 36 0 10 20,
22 16 0 10 2,
41 43 0 10 14,
29 27 0 10 20,
22 36 0 10 20,
9 45 0 10 14,
1 40 0 10 5,
10 41 0 10 8,
12 13 1 10 6,
28 47 0 10 6,
12 49 0 10 14,
21 2 0 10 6,
34 22 0 10 7,
22 24 0 10 20,
31 31 0 10 20,
39 24 1 10 6,
42 13 0 10 14,
12 19 0 10 10,
29 41 0 10 10,
49 9 0 10 20,
41 5 0 10 15,
32 44 0 10 11,
36 39 0 10 20,
17 46 0 10 7,
12 31 0 10 6,
15 43 0 10 13,
2 36 1 10 6,
28 48 0 10 3,
35 40 0 10 19,
49 43 0 10 14,
47 43 0 10 20,
20 15 0 10 11,
15 48 0 10 17,
21 32 0 10 7,
3 12 2 1 20,
39 35 0 10 1,
7 45 0 10 12,
43 42 0 10 20,
29 43 0 10 11,
48 25 0 10 6,
34 8 0 10 7,
41 12 0 10 19,
38 17 1 10 6,
37 18 0 10 14,
28 6 0 10 20,
38 4 0 10 20,
49 2 0 10 18,
30 43 0 10 20,
7 0 0 10 12,
16 18 0 10 13,
23 39 0 10 20,
44 14 0 10 8,
9 7 0 10 15,
7 38 0 10 6,
35 32 0 10 15,
16 37 0 10 6,
49 5 0 10 17,
37 23 0 10 11,
41 6 0 10 8,
37 22 0 10 11,
11 21 0 10 10,
24 25 0 10 9,
5 28 0 10 11,
7 15 0 10 20,
47 47 1 10 6,
35 34 0 10 17,
40 39 0 10 9,
40 38 0 10 20,
23 2 0 10 7,
14 37 0 10 8,
37 17 0 10 14,
29 14 0 10 7,
23 5 0 10 9,
27 38 0 10 20,
19 30 0 10 13,
18 45 0 10 6,
36 26 0 10 14,
43 0 0 10 20,
41 48 0 10 20,
22 48 0 10 20,
7 48 0 10 13,
39 46 0 10 20,
21 18 1 10 6,
47 6 0 10 17,
6 11 0 10 17,
0 3 0 10 20,
21 45 0 10 15,
39 22 0 10 13,
36 16 1 10 9,
4 14 0 10 5,
45 28 0 10 6,
33 36 0 10 17,
37 14 0 10 10,
19 41 0 10 8,
26 24 0 10 18,
33 21 0 10 8,
28 11 1 10 6,
19 24 1 10 6,
12 2 0 10 2,
44 20 0 10 7,
7 12 0 10 18,
44 9 0 10 20,
24 4 0 10 19,
10 43 0 10 6,
2 23 0 10 9,
9 15 0 10 20,
49 3 0 10 20,
25 33 0 10 20,
25 40 0 10 11,
20 36 0 10 15,
26 12 0 10 16,
8 19 0 10 12,
41 19 0 10 10,
28 28 0 10 20,
28 32 0 10 20,
33 40 0 10 20,
3 9 0 10 15,
32 49 0 10 16,
39 48 0 10 20,
18 4 0 10 8,
18 23 0 10 6,
45 35 0 10 11,
49 1 0 10 12,
8 40 0 10 13,
31 48 0 10 18,
5 3 0 10 8,
2 46 0 10 8,
23 19 0 10 12,
18 5 0 10 17,
1 14 0 10 8,
26 9 0 10 10,
18 32 0 10 15,
36 32 0 10 11,
7 23 0 10 11,
37 24 0 10 10,
48 19 0 10 6,
38 36 0 10 2,
32 23 0 10 14,
40 35 0 10 20,
34 48 0 10 10,
13 22 0 10 8,
49 45 0 10 19,
5 1 0 10 6,
40 15 0 10 20,
15 13 0 10 17,
35 2 0 10 11,
41 41 0 10 15,
39 45 0 10 17,
28 19 0 10 6,
41 45 0 10 4,
40 24 0 10 8,
17 31 0 10 9,
44 16 0 10 9,
30 46 0 10 2,
3 48 0 10 7,
16 43 0 10 7,
38 37 0 10 20,
21 41 0 10 20,
31 16 0 10 12,
1 11 0 10 4,
43 5 0 10 18,
39 21 0 10 7,
46 26 0 10 8,
24 39 0 10 10,
41 3 2 1 20,
25 26 1 10 6,
20 30 0 10 18,
46 10 0 10 3,
11 25 0 10 20,
48 15 0 10 7,
25 14 1 10 6,
9 11 0 10 14,
14 24 0 10 12,
2 13 2 1 20,
41 46 0 10 20,
48 34 0 10 6,
9 20 0 10 11,
12 46 0 10 20,
34 33 0 10 16,
38 39 0 10 11,
37 49 1 10 8,
35 35 0 10 11,
41 42 0 10 10,
4 6 0 10 20,
19 49 0 10 20,
37 6 0 10 17,
17 27 0 10 9,
33 13 0 10 14,
35 29 0 10 2,
42 41 0 10 20,
14 27 0 10 8,
31 22 1 10 6,
26 11 0 10 7,
22 12 0 10 8,
23 17 0 10 13,
33 20 0 10 5,
35 49 0 10 9,
18 33 0 10 13,
48 26 0 10 2,
38 44 0 10 20,
43 41 2 5 18,
27 40 0 10 20,
21 43 0 10 20,
1 10 0 10 2,
26 26 0 10 1,
13 16 0 10 7,
19 33 0 10 18,
22 46 0 10 19,
24 42 0 10 14,
46 27 0 10 7,
47 10 0 10 16,
43 27 1 10 7,
21 34 0 10 12,
40 27 0 10 1,
19 43 0 10 20,
44 7 0 10 19,
22 11 0 10 12,
15 17 0 10 20,
34 47 0 10 6,
32 35 0 10 17,
5 14 0 10 20,
20 33 1 10 6,
45 24 0 10 6,
28 10 1 10 6,
18 42 2 1 20,
38 45 0 10 11,
38 6 0 10 15,
3 35 1 10 6,
24 32 0 10 20,
0 30 1 10 6,
18 29 0 10 7,
32 37 0 10 14,
24 34 0 10 20,
49 44 0 10 9,
28 37 0 10 11,
13 39 0 10 12,
18 7 0 10 13,
32 43 0 10 18,
0 44 0 10 11,
17 0 0 10 5,
30 36 0 10 5,
18 0 0 10 15,
37 33 0 10 12,
16 33 0 10 10,
25 45 0 10 4,
22 33 0 10 4,
45 16 0 10 6,
46 35 0 10 7,
44 42 0 10 4,
15 28 0 10 4,
25 27 0 10 20,
16 49 0 10 16,
4 27 0 10 12,
38 32 0 10 8,
37 41 0 10 11,
21 39 0 10 15,
37 31 0 10 9,
44 25 0 10 8,
31 49 0 10 20,
12 9 0 10 11,
40 12 0 10 9,
47 1 0 10 16,
5 38 0 10 2,
14 3 0 10 12,
3 46 0 10 14,
30 17 0 10 13,
8 0 0 10 14,
22 39 0 10 11,
11 49 0 10 20,
22 35 0 10 6,
48 13 1 10 6,
33 47 0 10 11,
8 21 0 10 8,
3 27 1 10 4,
43 24 1 10 6,
38 38 0 10 6,
48 12 0 10 14,
25 25 0 10 20,
46 45 0 10 20,
18 30 0 10 10,
27 17 0 10 8,
2 43 0 10 3,
15 37 0 10 14,
33 12 0 10 12,
2 44 0 10 6,
35 12 0 10 16,
46 14 0 10 6,
24 7 0 10 8,
28 0 0 10 6,
26 1 0 10 6,
10 28 1 10 7,
36 45 0 10 6,
22 3 1 10 6,
45 34 0 10 12,
49 36 0 10 15,
5 30 0 10 9,
10 12 0 10 16,
36 33 0 10 17,
23 45 0 10 20,
13 38 1 10 7,
17 45 0 10 18,
4 15 0 10 20,
19 25 0 10 20,
33 18 0 10 6,
17 32 0 10 12,
25 41 0 10 6,
35 5 1 10 6,
29 2 1 10 6,
41 34 0 10 20,
7 11 0 10 20,
11 16 0 10 6,
28 5 0 10 7,
25 49 0 10 20,
47 8 0 10 20,
3 11 0 10 18,
33 45 0 10 14,
19 47 0 10 7,
46 11 0 10 20,
1 3 0 10 5,
2 27 0 10 16,
31 38 0 10 20,
39 30 0 10 11,
48 44 0 10 18,
25 7 0 10 15,
8 3 0 10 9,
28 1 1 10 6,
33 26 0 10 8,
40 30 0 10 20,
47 33 0 10 13,
16 48 0 10 11,
6 18 0 10 20,
49 16 1 10 6,
7 20 1 10 6,
12 40 0 10 20,
34 43 0 10 4,
5 8 0 10 14,
39 20 1 10 10,
41 47 0 10 6,
7 16 0 10 15,
19 15 0 10 15,
49 46 0 10 16,
49 31 1 10 7,
21 28 0 10 16,
39 11 0 10 10,
31 30 0 10 20,
33 46 0 10 13,
47 9 0 10 20,
46 43 0 10 15,
33 5 0 10 7,
30 23 0 10 8,
36 13 0 10 9,
37 5 0 10 11,
12 37 0 10 7,
39 16 0 10 12,
9 26 0 10 16,
7 40 0 10 8,
46 0 0 10 15,
29 34 2 1 20,
37 43 0 10 13,
8 8 0 10 18,
11 47 0 10 20,
33 7 0 10 8,
40 9 0 10 2,
5 10 0 10 8,
26 36 0 10 18,
9 14 0 10 10,
6 41 0 10 9,
37 48 0 10 20,
27 14 0 10 12,
4 19 0 10 13,
25 37 0 10 13,
39 28 2 5 11,
42 5 0 10 9,
12 26 0 10 10,
34 38 0 10 20,
10 24 0 10 12,
14 8 0 10 9,
7 42 0 10 14,
27 24 0 10 8,
0 22 0 10 6,
9 42 0 10 4,
7 22 0 10 6,
31 15 0 10 16,
15 15 0 10 6,
3 34 0 10 10,
3 16 0 10 20,
1 13 0 10 11,
18 38 0 10 14,
27 29 0 10 18,
15 47 0 10 16,
0 45 0 10 20,
2 28 0 10 8,
34 13 0 10 12,
18 12 0 10 5,
46 38 0 10 7,
47 32 0 10 6,
49 23 0 10 12,
10 29 0 10 20,
3 24 0 10 19,
25 12 0 10 10,
3 47 0 10 14,
27 42 0 10 9,
46 21 0 10 6,
17 29 0 10 11,
35 10 0 10 12,
21 16 0 10 6,
13 31 0 10 14,
0 18 0 10 2,
6 27 2 5 11,
26 38 0 10 14,
4 33 0 10 7,
13 42 0 10 10,
11 43 0 10 8,
29 32 0 10 14,
19 42 0 10 20,
41 33 0 10 7,
18 8 0 10 12,
6 21 0 10 6,
8 2 0 10 20,
15 9 0 10 10,
20 19 0 10 7,
19 27 1 10 4,
21 21 0 10 9,
40 20 1 10 7,
24 33 0 10 8,
47 18 0 10 6,
9 33 1 10 6,
40 47 0 10 20,
3 10 0 10 20,
6 38 0 10 6,
26 15 1 10 10,
5 20 2 25 11,
9 43 2 5 11,
42 28 0 10 13,
4 39 0 10 10,
48 6 0 10 20,
22 44 0 10 20,
44 31 0 10 6,
35 27 0 10 4,
45 36 0 10 8,
10 9 0 10 2,
6 4 0 10 20,
29 29 0 10 20,
19 31 0 10 19,
38 15 1 10 6,
4 28 0 10 12,
22 15 1 10 6,
45 23 0 10 7,
31 17 0 10 18,
11 31 0 10 12,
4 24 2 45 11,
24 37 0 10 8,
31 24 0 10 7,
33 31 0 10 20,
23 46 0 10 20,
4 48 0 10 7,
39 33 0 10 7,
40 49 0 10 19,
3 33 0 10 10,
36 21 0 10 16,
31 7 0 10 8,
6 39 0 10 3,
43 16 0 10 7,
37 21 0 10 17,
26 4 0 10 20,
41 30 0 10 11,
4 7 0 10 20,
34 24 0 10 20,
5 49 0 10 4,
21 13 0 10 20,
13 40 1 10 6,
19 13 0 10 10,
19 21 0 10 14,
24 40 0 10 20,
0 9 0 10 14,
40 25 0 10 6,
12 20 1 10 6,
16 31 0 10 12,
17 49 0 10 12,
46 4 0 10 9,
9 37 0 10 9,
6 14 0 10 20,
34 37 0 10 17,
11 14 1 10 6,
9 16 0 10 10,
18 47 0 10 7,
18 31 0 10 9,
1 36 0 10 18,
2 33 0 10 20,
30 30 0 10 20,
32 47 0 10 14,
32 13 0 10 13,
19 4 0 10 16,
45 41 0 10 14,
9 17 0 10 6,
5 31 0 10 6,
8 27 0 10 20,
7 9 2 1 20,
46 25 0 10 7,
48 14 0 10 18,
13 48 0 10 20,
32 48 0 10 20,
36 47 0 10 20,
43 25 1 10 7,
12 29 1 10 6,
10 5 0 10 20,
27 41 0 10 4,
2 48 0 10 20,
8 31 0 10 8,
24 29 0 10 6,
35 18 0 10 20,
46 34 0 10 12,
10 30 0 10 11,
23 49 0 10 10,
42 12 0 10 17,
34 42 0 10 19,
39 42 0 10 17,
35 23 0 10 14,
6 45 0 10 7,
44 37 0 10 9,
24 21 0 10 6,
9 8 0 10 13,
3 4 0 10 16,
18 26 0 10 4,
38 41 0 10 18,
43 7 0 10 11,
34 5 0 10 6,
17 17 0 10 14,
22 26 0 10 20,
22 0 0 10 4,
9 25 0 10 11,
48 47 0 10 17,
12 15 1 10 6,
37 47 0 10 8,
32 5 0 10 12,
31 36 0 10 18,
16 14 0 10 7,
13 43 0 10 20,
0 41 0 10 8,
22 1 0 10 6,
26 37 0 10 11,
16 38 1 10 7,
12 32 0 10 16,
25 9 0 10 18,
1 42 0 10 7,
3 8 0 10 20,
14 34 0 10 11,
15 40 0 10 10,
36 34 0 10 13,
15 41 0 10 20,
9 48 0 10 7,
1 27 0 10 14,
3 18 0 10 16,
45 17 1 10 7,
28 20 0 10 14,
35 31 0 10 10,
3 0 0 10 8,
49 20 0 10 7,
18 37 0 10 7,
12 42 0 10 20,
12 43 0 10 1,
25 30 1 10 6,
5 17 0 10 11,
9 30 1 10 8,
40 40 0 10 4,
15 2 0 10 9,
38 3 0 10 17,
14 25 0 10 3,
48 8 0 10 16,
43 8 0 10 13,
16 28 0 10 10,
17 34 0 10 8,
42 33 0 10 4,
40 7 0 10 20,
31 1 1 10 6,
29 47 0 10 19,
6 43 0 10 13,
41 21 0 10 9,
28 26 0 10 16,
5 42 0 10 12,
15 5 0 10 20,
32 10 1 10 6,
0 34 0 10 12,
39 23 0 10 7,
33 44 0 10 19,
17 10 0 10 1,
3 17 0 10 20,
4 22 0 10 18,
13 24 0 10 8,
46 16 0 10 2,
44 19 0 10 10,
40 43 0 10 16,
15 24 0 10 20,
5 48 0 10 1,
42 11 0 10 10,
37 8 0 10 19,
33 33 0 10 20,
12 44 0 10 20,
39 32 0 10 14,
14 23 1 10 8,
26 22 2 21 11,
19 44 0 10 9,
47 5 0 10 20,
21 49 0 10 20,
32 21 0 10 4,
15 42 0 10 8,
10 49 0 10 18,
10 48 0 10 20,
40 19 0 10 10,
45 9 0 10 17,
18 40 0 10 12,
27 10 0 10 6,
12 45 0 10 5,
47 31 0 10 8,
46 49 0 10 10,
15 14 0 10 7,
27 12 0 10 12,
20 24 0 10 10,
16 29 0 10 14,
48 11 0 10 7,
33 39 0 10 14,
25 22 0 10 6,
7 19 0 10 7,
35 24 0 10 7,
49 12 0 10 6,
7 8 0 10 20,
38 14 0 10 10,
48 40 0 10 20,
23 31 0 10 20,
33 3 1 10 6,
9 32 0 10 20,
35 9 0 10 14,
7 30 0 10 11,
10 42 0 10 11,
40 37 0 10 11,
4 5 0 10 15,
4 31 0 10 12,
10 13 1 10 6,
2 18 0 10 6,
1 0 0 10 9,
9 2 0 10 20,
1 46 0 10 9,
4 26 0 10 6,
33 8 0 10 9,
38 48 0 10 20,
20 17 0 10 9,
25 11 0 10 19,
38 19 0 10 1,
44 15 0 10 7,
9 3 0 10 11,
38 33 0 10 6,
6 23 0 10 1,
6 10 0 10 20,
24 41 0 10 12,
18 16 0 10 15,
31 12 0 10 9,
22 25 0 10 7,
9 27 1 10 7,
6 28 0 10 14,
26 45 0 10 4,
10 27 0 10 14,
8 44 0 10 13,
12 4 0 10 6,
26 6 0 10 20,
10 1 0 10 2,
15 25 1 10 6,
5 12 0 10 16,
29 35 0 10 12,
36 6 0 10 10,
48 7 0 10 20,
49 48 0 10 13,
4 17 0 10 7,
6 33 0 10 8,
49 34 0 10 6,
34 3 0 10 10,
23 23 0 10 15,
20 35 0 10 11,
8 49 0 10 8,
12 28 0 10 8,
22 22 0 10 16,
14 39 0 10 6,
2 24 0 10 10,
38 18 0 10 7,
37 12 0 10 8,
40 34 1 10 7,
21 4 0 10 16,
3 44 0 10 14,
2 15 0 10 20,
1 31 0 10 6,
35 45 0 10 12,
5 43 0 10 3,
0 47 0 10 10,
11 28 1 10 6,
37 27 0 10 14,
21 9 1 10 6,
11 40 1 10 6,
37 46 0 10 14,
6 15 0 10 20,
9 49 0 10 5,
24 6 0 10 14,
23 32 0 10 7,
36 38 0 10 20,
2 5 0 10 17,
14 13 0 10 7,
17 3 1 10 6,
4 25 0 10 14,
35 39 0 10 20,
17 22 1 10 6,
38 34 0 10 12,
36 12 0 10 14,
22 18 0 10 16,
16 9 0 10 20,
47 30 0 10 11,
37 13 0 10 11,
28 13 0 10 8,
31 14 0 10 10,
4 38 0 10 5</BoardEnumeration>
